6
7
16
25
27
33
44
49
50
53
54
60
61
62
65
66
67
106
108
117
120
130
131
135
144
146
148
150
155
158
159
162
166
169
171
172
173
174
175
191
194
197
198
217
219
221
259
260
261
262
263
267
294
295
296
299
301
320
321
324
325
327
329
330
331
342
343
348
383
388
389
390
392
393
397
399
403
406
407
408
412
415
417
421
422
430
432
441
444
446
451
453
458
469
471
473
474
491
494
495
496
497
499
546
547
595
609
622
625
653
657
658
664
666
685
686
687
688
689
723
740
743
760
762
763
783
786
790
791
796
798
801
802
805
806
807
808
809
820
834
