1 60.986486 34.344595 14.398649 
2 62.164384 28.123288 14.301370 
3 57.673913 31.826087 17.108696 
4 58.724138 35.137931 17.344828 
5 58.829268 25.487805 15.353659 
6 61.894737 22.618421 13.486842 
7 64.925373 21.940299 14.552239 
8 57.411765 26.647059 17.537815 
9 56.646154 20.676923 15.353846 
10 63.557692 18.980769 13.750000 
11 54.980392 34.882353 18.098039 
12 57.037879 16.878788 12.696970 
13 55.794118 29.132353 19.235294 
14 63.437500 16.875000 12.812500 
15 53.180328 17.754098 12.967213 
16 65.523256 20.534884 17.255814 
17 51.547368 19.863158 15.652632 
18 52.296296 23.444444 18.074074 
19 52.517241 27.586207 18.862069 
20 51.807692 13.076923 12.076923 
21 53.268293 32.585366 19.658537 
22 58.075472 12.515723 13.440252 
23 65.526316 16.921053 16.947368 
24 49.115942 15.514493 14.492754 
25 49.428571 19.464286 19.071429 
26 50.346154 23.538462 20.846154 
27 61.333333 13.873016 16.174603 
28 53.657895 27.842105 20.921053 
29 65.913043 19.269565 20.965217 
30 51.025424 11.525424 16.466102 
31 52.200000 30.500000 22.000000 
32 50.200000 19.720000 21.680000 
33 64.225000 15.625000 18.975000 
34 53.733333 23.933333 20.800000 
35 50.557692 16.442308 20.134615 
36 52.195652 8.326087 17.413043 
37 56.842105 9.736842 17.578947 
38 54.466667 25.600000 22.533333 
39 50.314050 13.330579 20.082645 
40 51.894737 28.631579 22.684211 
41 54.081633 20.448980 21.530612 
42 55.652174 23.304348 22.260870 
43 59.339080 13.126437 19.747126 
44 51.194030 18.402985 23.059701 
45 53.937500 23.187500 23.375000 
46 67.235294 20.205882 24.823529 
47 49.520833 10.020833 22.375000 
48 53.948980 8.948980 21.479592 
49 64.127778 16.122222 23.366667 
50 49.128205 15.589744 23.641026 
51 53.640000 21.600000 24.360000 
52 57.962963 12.395062 23.962963 
53 50.636364 19.727273 24.954545 
54 49.489362 13.617021 26.553191 
55 51.942029 10.275362 26.101449 
56 54.150000 21.725000 27.225000 
57 54.103448 19.241379 26.551724 
58 55.744444 11.811111 26.244444 
59 58.986111 16.111111 25.166667 
60 51.666667 16.382716 28.320988 
61 61.461538 14.723077 27.030769 
62 50.914286 11.885714 29.714286 
63 55.435484 11.354839 30.000000 
64 58.571429 14.571429 29.114286 
65 53.795918 13.591837 31.061224 
66 57.710526 13.342105 32.789474 
67 54.750000 12.375000 34.750000 
68 68.256831 48.213115 23.612022 
69 69.629310 42.258621 25.155172 
70 64.491525 40.576271 24.169492 
71 71.810000 39.540000 24.950000 
72 61.666667 42.380952 28.761905 
73 62.106383 38.106383 26.978723 
74 72.229167 34.604167 22.458333 
75 64.766667 37.166667 25.233333 
76 62.000000 40.625000 30.375000 
77 66.964286 36.500000 25.392857 
78 64.288889 41.222222 29.977778 
79 61.911111 36.044444 29.333333 
80 71.081481 35.029630 25.925926 
81 67.800000 42.720000 28.546667 
82 64.000000 34.051282 28.230769 
83 71.216495 46.608247 28.608247 
84 65.425000 38.300000 29.825000 
85 70.800000 41.188889 30.011111 
86 68.033333 37.900000 28.616667 
87 71.452381 46.285714 31.785714 
88 73.230769 43.820513 31.589744 
89 69.512821 43.846154 33.307692 
90 70.343284 46.447761 35.611940 
91 72.078947 42.447368 35.763158 
92 67.096774 42.548387 35.290323 
93 69.255319 43.510638 39.063830 
94 69.205882 37.823529 37.411765 
95 68.220339 39.542373 37.118644 
96 66.156863 39.529412 37.960784 
97 51.719298 39.649123 39.912281 
98 69.555556 37.444444 40.444444 
99 67.904762 42.547619 41.857143 
100 66.032258 34.225806 38.709677 
101 63.680000 36.640000 38.120000 
102 52.392857 38.178571 42.000000 
103 67.666667 34.733333 41.300000 
104 65.371429 37.800000 41.342857 
105 61.800000 35.600000 40.300000 
106 51.234694 35.438776 42.214286 
107 65.000000 35.307692 41.907692 
108 51.098039 31.431373 42.098039 
109 65.088235 31.588235 43.823529 
110 63.160000 36.573333 44.840000 
111 51.375000 27.250000 41.833333 
112 60.480769 25.778846 44.038462 
113 50.671875 37.109375 46.609375 
114 61.166667 33.000000 42.250000 
115 60.693878 28.857143 44.183673 
116 59.166667 36.916667 47.638889 
117 50.363636 33.121212 46.000000 
118 60.431818 31.522727 45.613636 
119 59.792208 33.545455 46.402597 
120 57.960000 31.880000 43.560000 
121 49.896552 29.465517 44.637931 
122 58.184211 27.447368 45.763158 
123 51.106383 25.340426 44.829787 
124 52.142857 23.476190 46.142857 
125 58.444444 30.555556 48.777778 
126 56.640000 24.040000 44.840000 
127 55.936170 35.531915 49.468085 
128 53.791667 37.416667 48.375000 
129 50.272727 34.636364 49.181818 
130 55.428571 31.321429 47.321429 
131 55.444444 29.351852 46.666667 
132 56.741935 27.483871 47.806452 
133 55.363636 24.666667 46.727273 
134 52.923077 36.076923 50.076923 
135 54.040000 33.720000 50.200000 
136 51.482759 25.448276 48.172414 
137 50.333333 31.416667 49.416667 
138 49.666667 28.000000 47.333333 
139 51.625000 33.750000 50.500000 
140 54.666667 26.222222 49.388889 
141 52.724138 29.931034 48.551724 
142 52.428571 27.857143 48.809524 
143 66.463259 29.894569 14.054313 
144 66.302083 24.239583 17.354167 
145 70.310606 26.106061 17.856061 
146 67.387500 22.500000 20.112500 
147 70.859155 24.338028 21.661972 
148 67.204545 23.443182 23.431818 
149 65.794872 19.025641 27.025641 
150 64.087500 15.025000 28.950000 
151 59.904762 18.380952 28.571429 
152 60.270833 14.541667 31.895833 
153 57.541667 17.958333 31.166667 
154 58.546667 17.800000 34.040000 
155 69.319444 32.958333 36.750000 
156 69.000000 35.512821 36.538462 
157 66.605263 33.500000 36.500000 
158 56.400000 18.076923 37.600000 
159 55.371795 15.512821 36.397436 
160 63.730159 31.603175 37.396825 
161 61.469136 27.814815 36.888889 
162 52.704918 13.967213 37.967213 
163 61.034483 24.603448 38.887931 
164 59.027778 20.638889 40.041667 
165 64.076923 31.205128 40.820513 
166 59.227273 18.136364 40.727273 
167 50.025641 15.871795 39.128205 
168 62.803279 28.672131 41.885246 
169 55.415094 16.075472 40.660377 
170 63.184211 23.210526 41.763158 
171 50.156250 19.093750 40.000000 
172 59.297872 19.361702 43.148936 
173 52.428571 16.142857 42.214286 
174 51.900000 18.433333 42.000000 
175 55.483871 18.580645 43.548387 
176 60.214286 23.285714 45.571429 
177 50.415094 20.773585 44.226415 
178 53.357143 19.178571 44.214286 
179 56.414634 21.658537 46.195122 
180 53.428571 21.642857 47.000000 
181 65.358491 41.075472 42.471698 
182 63.051724 42.482759 43.637931 
183 57.723077 46.476923 44.953846 
184 61.555556 39.396825 43.507937 
185 58.734043 41.085106 44.244681 
186 56.442029 43.376812 48.318841 
187 56.758621 37.327586 46.172414 
188 67.781609 48.712644 35.689655 
189 66.666667 45.824074 38.953704 
190 66.769231 33.000000 29.692308 
191 71.611940 31.074627 27.850746 
192 68.678571 35.964286 29.821429 
193 72.053763 37.741935 29.924731 
194 71.487500 32.362500 30.212500 
195 70.516667 40.116667 34.033333 
196 71.985294 37.735294 34.588235 
197 71.517241 34.482759 32.793103 
198 70.135802 27.123457 24.407407 
199 62.775000 48.566667 21.775000 
200 61.900000 58.300000 27.333333 
201 63.072289 47.433735 25.710843 
202 63.629630 42.940741 23.533333 
203 60.739130 54.663043 29.565217 
204 61.807692 47.019231 29.096154 
205 62.578947 50.894737 28.842105 
206 64.522388 51.925373 26.746269 
207 64.394737 46.210526 30.000000 
208 67.630137 48.534247 26.856164 
209 69.076923 51.942308 28.634615 
210 70.646154 49.738462 31.523077 
211 59.190722 62.407216 39.036082 
212 58.340426 57.787234 41.978723 
213 50.781609 55.632184 39.091954 
214 50.471264 51.517241 39.402299 
215 49.611111 44.648148 39.000000 
216 51.482759 45.344828 41.629310 
217 53.140000 31.060000 37.300000 
218 50.500000 49.343137 43.480392 
219 53.106383 34.893617 38.489362 
220 53.958333 27.000000 38.875000 
221 53.628571 31.342857 39.285714 
222 51.054545 42.136364 45.090909 
223 52.375000 24.416667 40.875000 
224 53.193548 28.000000 40.677419 
225 50.151515 23.015152 41.393939 
226 50.090909 42.896104 48.805195 
227 52.500000 23.600000 43.500000 
228 54.216216 41.567568 50.675676 
229 51.378378 38.810811 50.054054 
230 55.409091 53.522727 17.340909 
231 52.887931 56.586207 18.965517 
232 58.291667 54.520833 16.958333 
233 51.088235 62.764706 19.823529 
234 54.415094 61.849057 20.094340 
235 57.296875 58.585938 20.187500 
236 49.356589 55.333333 19.294574 
237 48.529412 62.941176 20.250000 
238 50.918605 67.906977 21.302326 
239 49.500000 52.750000 22.100000 
240 50.518519 71.888889 25.259259 
241 54.743363 70.761062 26.176991 
242 59.556962 50.139241 8.924051 
243 64.500000 49.339286 8.741071 
244 60.880597 54.029851 10.164179 
245 58.333333 47.102564 12.025641 
246 62.924370 44.857143 12.134454 
247 56.461538 51.923077 11.980769 
248 67.460000 43.100000 11.180000 
249 55.322581 47.000000 13.903226 
250 61.928571 41.821429 13.535714 
251 58.636364 54.136364 13.672727 
252 64.642857 38.583333 14.964286 
253 55.876712 42.164384 13.972603 
254 64.828571 56.028571 14.709524 
255 59.917808 40.068493 14.301370 
256 70.627273 38.136364 13.290909 
257 62.233333 52.733333 15.500000 
258 65.309278 51.103093 19.010309 
259 71.044776 31.014925 33.716418 
260 69.442478 26.929204 33.283186 
261 60.338235 15.485294 36.808824 
262 68.777778 29.000000 38.000000 
263 63.620690 20.051724 37.551724 
264 66.928571 26.642857 38.071429 
265 65.743590 23.666667 37.333333 
266 66.504762 30.066667 36.857143 
267 59.675676 17.918919 37.459459 
268 64.511111 27.855556 36.433333 
269 61.465753 20.726027 35.917808 
270 62.060241 24.433735 35.192771 
271 71.264151 34.358491 14.641509 
272 70.914894 32.244681 16.138298 
273 71.606061 30.727273 18.515152 
274 60.493333 43.840000 46.013333 
275 54.739130 49.260870 49.434783 
276 64.254464 64.995536 28.187500 
277 66.531250 61.843750 30.437500 
278 58.186275 67.313725 33.490196 
279 67.648148 59.092593 31.555556 
280 61.915556 64.102222 33.368889 
281 67.185714 53.157143 30.328571 
282 63.600000 60.314286 34.095238 
283 67.276596 50.510638 33.010638 
284 65.968750 53.828125 34.335938 
285 63.695122 60.439024 37.658537 
286 65.010000 55.940000 35.940000 
287 62.392857 49.535714 35.321429 
288 61.775862 56.724138 40.948276 
289 65.383721 53.453488 38.860465 
290 63.531250 47.546875 37.906250 
291 56.962406 64.909774 23.526316 
292 61.271605 53.419753 22.444444 
293 60.637500 55.425000 25.912500 
294 51.344828 16.465517 32.172414 
295 51.824742 13.865979 34.484536 
296 49.848485 16.909091 36.030303 
297 50.625000 30.250000 30.437500 
298 49.552632 52.026316 36.657895 
299 50.743590 33.512821 33.410256 
300 50.210526 45.289474 37.394737 
301 50.105263 38.368421 35.842105 
302 49.336134 54.100840 44.705882 
303 50.315789 48.280702 47.017544 
304 67.623656 51.412186 12.537634 
305 70.382114 44.991870 13.048780 
306 72.054795 41.458904 16.157534 
307 68.011494 52.206897 18.793103 
308 67.904762 49.761905 17.285714 
309 71.666667 47.064103 18.378205 
310 72.676471 41.323529 19.235294 
311 68.727273 48.015152 20.727273 
312 68.484848 44.727273 19.636364 
313 72.164948 35.814433 19.072165 
314 68.676471 41.132353 20.470588 
315 71.633333 44.383333 22.033333 
316 68.560000 36.200000 20.586667 
317 72.422222 29.111111 21.444444 
318 72.701299 39.675325 21.922078 
319 68.535211 31.830986 22.295775 
320 66.800000 23.925000 25.525000 
321 66.414634 28.512195 26.317073 
322 71.421053 29.671053 25.565789 
323 65.122449 21.673469 26.877551 
324 65.196078 25.176471 27.901961 
325 68.567568 27.081081 27.864865 
326 66.891892 19.635135 29.121622 
327 72.163265 27.122449 28.551020 
328 65.958678 22.247934 30.115702 
329 69.132075 24.509434 29.773585 
330 63.573034 15.820225 33.078652 
331 66.242718 19.514563 34.398058 
332 68.312500 23.375000 34.609375 
333 62.401606 56.738956 20.566265 
334 62.087500 60.962500 23.262500 
335 62.815385 65.830769 24.292308 
336 49.078947 68.388158 25.289474 
337 49.690476 59.680952 23.747619 
338 66.738095 59.428571 24.126984 
339 58.377953 68.354331 29.086614 
340 64.633333 57.733333 28.566667 
341 68.267857 59.767857 27.142857 
342 50.701754 71.736842 31.368421 
343 50.589286 68.517857 31.410714 
344 50.281369 63.494297 29.779468 
345 68.507246 55.746377 29.434783 
346 54.655556 70.511111 33.422222 
347 48.838710 60.032258 31.935484 
348 49.515464 67.731959 37.391753 
349 50.372340 64.148936 35.904255 
350 55.935897 66.923077 37.153846 
351 49.404255 56.914894 34.617021 
352 53.321839 67.505747 39.425287 
353 50.827957 59.548387 36.623656 
354 56.542857 62.242857 40.957143 
355 49.823529 64.308824 43.338235 
356 49.337349 60.246988 41.421687 
357 53.967391 62.304348 44.119565 
358 56.392857 58.000000 44.535714 
359 59.259259 54.481481 45.222222 
360 63.445946 53.554054 43.162162 
361 65.838235 49.897059 40.661765 
362 57.269841 53.666667 43.444444 
363 51.935484 58.741935 47.161290 
364 48.972973 57.297297 47.243243 
365 64.493827 46.543210 42.790123 
366 62.558824 48.014706 46.102941 
367 55.362319 55.101449 46.681159 
368 59.539474 49.578947 46.105263 
369 56.842857 50.014286 45.371429 
370 52.130435 53.152174 49.391304 
371 49.760870 49.847826 49.695652 
372 52.259259 45.796296 50.629630 
373 50.895833 25.812500 23.229167 
374 50.250000 27.812500 25.812500 
375 51.940000 23.300000 25.760000 
376 49.767442 25.302326 26.534884 
377 50.714286 28.285714 28.857143 
378 49.307692 21.282051 27.051282 
379 52.750000 20.166667 28.166667 
380 49.883721 25.186047 29.000000 
381 49.322581 27.322581 31.064516 
382 53.000000 18.777778 30.037037 
383 50.214286 22.571429 29.750000 
384 49.866667 30.333333 32.133333 
385 49.882353 19.558824 30.352941 
386 52.234043 25.531915 31.893617 
387 50.363636 28.363636 34.113636 
388 50.368421 31.421053 35.157895 
389 49.811321 36.452830 37.169811 
390 50.367347 22.081633 32.448980 
391 51.408163 26.734694 35.387755 
392 49.243243 18.675676 33.162162 
393 50.235294 33.000000 37.411765 
394 50.594595 29.648649 37.567568 
395 51.769231 23.711538 35.403846 
396 50.720000 26.320000 38.160000 
397 50.076923 20.615385 35.846154 
398 50.875000 23.020833 37.979167 
399 50.250000 20.300000 38.400000 
400 55.000000 38.857143 16.214286 
401 35.855263 36.171053 14.447368 
402 35.625000 39.339286 15.410714 
403 33.959391 29.649746 14.497462 
404 35.631579 30.921053 17.078947 
405 36.202532 34.417722 17.594937 
406 30.093333 25.133333 14.106667 
407 33.985714 22.114286 14.685714 
408 36.443182 22.579545 16.318182 
409 39.761905 35.666667 17.547619 
410 33.488372 18.279070 13.569767 
411 37.594203 17.594203 15.072464 
412 37.523490 25.087248 17.677852 
413 39.105263 29.328947 18.197368 
414 29.860000 19.560000 14.410000 
415 40.766667 19.633333 15.966667 
416 39.462121 14.727273 14.242424 
417 42.142857 18.000000 13.714286 
418 33.656250 14.500000 12.437500 
419 41.500000 33.973684 18.289474 
420 42.500000 29.366667 18.566667 
421 42.536364 23.900000 18.436364 
422 44.542857 20.428571 17.704762 
423 41.115385 12.076923 13.615385 
424 29.576271 17.271186 16.627119 
425 44.411765 14.470588 14.705882 
426 38.202899 10.753623 13.449275 
427 42.947368 24.684211 21.000000 
428 34.034483 12.137931 15.689655 
429 41.058140 29.383721 20.569767 
430 46.524590 18.278689 18.704918 
431 30.252747 20.153846 20.285714 
432 45.333333 21.416667 22.194444 
433 31.210526 13.789474 17.789474 
434 42.807692 28.769231 22.115385 
435 43.673203 10.869281 18.777778 
436 28.387755 17.857143 20.591837 
437 45.104651 14.988372 20.616279 
438 38.107143 9.267857 17.839286 
439 42.560976 7.707317 18.829268 
440 44.420000 17.800000 22.740000 
441 39.701149 23.390805 22.321839 
442 41.827586 20.034483 22.586207 
443 35.243902 11.914634 19.378049 
444 46.346939 13.979592 24.061224 
445 42.093333 8.653333 22.880000 
446 40.818182 22.500000 24.090909 
447 28.850000 18.550000 23.750000 
448 44.903226 18.903226 24.354839 
449 31.735294 14.669118 21.720588 
450 45.926471 10.441176 24.867647 
451 41.111111 20.777778 25.740741 
452 37.940299 11.029851 23.492537 
453 46.507692 15.361538 27.984615 
454 35.642857 12.214286 23.214286 
455 42.964286 10.294643 27.366071 
456 43.413793 18.459770 27.149425 
457 45.920000 11.640000 31.160000 
458 41.300000 19.950000 29.150000 
459 34.625000 12.875000 26.833333 
460 36.054054 14.027027 25.459459 
461 43.734694 15.040816 30.959184 
462 38.921875 12.265625 27.171875 
463 41.720000 17.400000 31.560000 
464 41.763636 10.600000 31.454545 
465 43.205128 12.794872 33.487179 
466 39.017857 13.991071 32.169643 
467 41.909091 12.318182 35.363636 
468 25.811321 48.688679 23.584906 
469 23.068966 46.379310 22.655172 
470 28.842105 44.000000 22.184211 
471 24.534884 43.023256 22.302326 
472 26.279070 38.860465 22.279070 
473 21.476190 41.714286 22.428571 
474 25.547009 43.341880 25.017094 
475 30.560000 39.960000 24.160000 
476 21.644444 38.133333 22.600000 
477 24.979592 35.612245 23.612245 
478 32.600000 42.000000 28.742857 
479 31.500000 38.607143 26.857143 
480 34.107143 38.321429 27.642857 
481 28.080000 39.200000 25.920000 
482 31.392857 46.535714 30.035714 
483 23.622222 38.555556 25.725926 
484 32.937500 42.625000 30.750000 
485 22.506024 33.795181 25.807229 
486 33.947368 38.105263 30.263158 
487 30.933333 41.622222 30.511111 
488 31.260274 34.904110 28.356164 
489 27.515152 43.560606 28.348485 
490 32.156250 36.593750 30.312500 
491 24.070175 46.280702 28.929825 
492 28.892857 39.000000 29.607143 
493 29.435897 33.794872 31.307692 
494 23.776471 42.317647 28.552941 
495 22.843750 45.531250 31.250000 
496 22.000000 42.775000 33.025000 
497 23.825000 46.150000 35.425000 
498 25.517857 43.053571 34.089286 
499 24.700000 40.950000 37.800000 
500 27.774775 41.720721 38.360360 
501 28.375000 39.625000 37.291667 
502 27.000000 37.320000 37.600000 
503 45.754237 41.669492 40.796610 
504 44.514286 37.400000 38.742857 
505 29.040816 36.714286 41.061224 
506 28.840000 35.080000 40.360000 
507 43.086957 35.652174 39.217391 
508 33.217391 37.173913 39.000000 
509 44.851852 38.666667 41.259259 
510 30.555556 37.833333 42.351852 
511 30.645161 33.483871 42.774194 
512 30.777778 34.777778 44.666667 
513 46.210000 41.220000 45.270000 
514 44.869565 32.565217 40.956522 
515 33.500000 35.550000 41.950000 
516 46.333333 36.021505 42.741935 
517 33.153846 35.730769 44.423077 
518 37.740741 28.555556 41.888889 
519 33.941176 30.470588 44.235294 
520 45.625000 29.800000 41.925000 
521 36.605505 25.963303 44.477064 
522 35.843750 32.500000 44.656250 
523 33.750000 35.400000 47.600000 
524 47.215385 33.153846 44.907692 
525 38.681159 28.420290 45.217391 
526 37.257143 33.228571 45.571429 
527 37.805556 36.458333 47.736111 
528 45.741935 25.790323 44.483871 
529 37.714286 33.107143 49.392857 
530 40.000000 24.794872 44.615385 
531 47.631579 29.052632 44.947368 
532 40.553846 30.692308 46.938462 
533 41.743590 38.153846 49.564103 
534 41.846154 32.307692 47.717949 
535 41.678571 28.107143 47.678571 
536 42.074074 34.851852 50.111111 
537 41.468085 23.989362 46.723404 
538 46.781250 34.250000 50.250000 
539 45.285714 25.428571 48.428571 
540 47.523810 28.904762 48.380952 
541 44.681818 29.590909 48.727273 
542 45.147059 31.382353 48.735294 
543 44.000000 28.000000 50.285714 
544 29.959184 35.387755 14.816327 
545 29.055172 31.296552 14.551724 
546 28.571429 25.761905 15.371429 
547 25.192661 26.256881 15.623853 
548 28.873418 22.341772 18.050633 
549 24.064516 28.021505 19.053763 
550 26.505051 23.888889 19.474747 
551 24.263158 24.776316 21.552632 
552 28.505263 21.294737 22.936842 
553 27.180556 24.694444 24.625000 
554 28.372093 21.930233 25.604651 
555 32.153846 13.384615 24.461538 
556 25.871795 38.833333 34.833333 
557 35.567164 14.537313 30.522388 
558 37.297030 18.158416 30.762376 
559 27.072727 34.618182 37.509091 
560 28.733333 31.933333 41.266667 
561 36.229358 16.788991 35.036697 
562 30.185185 29.925926 40.796296 
563 39.000000 18.466667 35.733333 
564 29.444444 35.222222 36.777778 
565 31.623762 32.960396 38.663366 
566 32.934066 28.857143 39.241758 
567 42.774194 14.177419 37.903226 
568 37.205479 18.109589 38.808219 
569 34.521739 25.459627 37.677019 
570 35.381579 21.368421 38.526316 
571 35.469697 31.030303 39.909091 
572 40.612403 16.418605 39.302326 
573 34.089286 27.482143 42.500000 
574 45.916667 16.000000 38.916667 
575 46.290698 21.558140 39.093023 
576 33.923077 23.285714 41.714286 
577 37.912162 19.797297 42.040541 
578 44.116279 15.395349 41.372093 
579 45.947368 18.280702 40.982456 
580 41.333333 16.875000 43.458333 
581 44.804878 18.756098 43.951220 
582 46.492537 21.940299 43.492537 
583 37.591549 22.450704 44.873239 
584 41.730159 20.222222 44.809524 
585 44.027027 22.027027 47.216216 
586 31.341463 40.121951 42.731707 
587 34.921569 41.078431 43.078431 
588 38.375000 43.328125 44.406250 
589 33.694444 38.666667 46.000000 
590 37.250000 39.076923 43.730769 
591 38.708333 40.416667 47.152778 
592 23.939394 48.454545 34.090909 
593 31.225000 48.475000 34.350000 
594 29.625000 46.387500 35.300000 
595 26.709091 46.581818 38.363636 
596 25.473684 28.614035 24.587719 
597 27.879121 31.076923 26.450549 
598 26.130435 30.260870 28.478261 
599 24.013333 33.760000 28.773333 
600 23.285714 30.476190 28.047619 
601 25.732673 37.425743 29.485149 
602 23.800000 28.566667 29.500000 
603 23.055556 32.333333 31.305556 
604 26.565217 32.739130 33.000000 
605 23.356322 39.758621 31.781609 
606 23.495495 36.000000 33.450450 
607 24.969072 29.804124 33.484536 
608 24.027778 33.500000 36.527778 
609 28.161290 42.741935 41.306452 
610 31.940476 48.666667 21.285714 
611 31.484848 44.196970 22.045455 
612 31.563025 49.815126 25.647059 
613 33.280488 55.853659 27.975610 
614 32.032967 41.714286 25.087912 
615 32.843137 46.333333 27.686275 
616 34.333333 51.962963 30.111111 
617 30.934211 53.736842 29.776316 
618 33.700000 48.500000 30.100000 
619 29.960784 50.529412 28.450980 
620 27.563636 49.581818 25.963636 
621 29.095238 46.071429 27.761905 
622 24.459459 48.162162 27.243243 
623 25.900000 49.640000 29.700000 
624 25.705882 48.764706 32.313725 
625 27.545455 60.863636 28.727273 
626 37.378049 61.256098 39.804878 
627 44.993151 53.164384 39.390411 
628 45.844660 47.631068 39.601942 
629 47.142857 41.666667 37.952381 
630 45.205882 32.911765 38.352941 
631 45.261745 47.093960 43.315436 
632 44.875000 29.781250 38.687500 
633 42.888889 33.296296 38.222222 
634 46.404255 47.957447 46.510638 
635 45.432836 26.626866 39.701493 
636 42.625000 30.062500 39.687500 
637 46.974359 45.076923 48.410256 
638 44.000000 27.545455 41.818182 
639 45.277778 24.222222 42.388889 
640 46.273438 39.773438 49.148438 
641 43.075000 43.150000 50.750000 
642 44.739130 37.695652 51.130435 
643 39.655172 52.712644 18.091954 
644 40.983051 58.491525 18.915254 
645 41.916667 53.694444 20.500000 
646 43.400000 59.528571 19.900000 
647 37.612613 57.990991 21.090090 
648 43.580000 67.290000 20.630000 
649 45.457627 54.728814 19.601695 
650 46.102564 63.179487 19.487179 
651 45.481481 55.629630 22.111111 
652 44.231884 71.652174 24.753623 
653 36.180328 51.442623 10.622951 
654 33.619048 53.928571 12.071429 
655 28.834395 48.038217 10.203822 
656 32.171429 45.614286 12.757143 
657 35.841727 45.287770 12.553957 
658 39.384615 49.153846 13.846154 
659 38.125000 50.854167 15.062500 
660 27.172414 40.613793 12.779310 
661 31.818182 39.163636 15.300000 
662 34.903226 53.991935 15.290323 
663 30.495652 56.252174 16.617391 
664 39.583333 43.800000 14.083333 
665 31.025641 51.051282 18.000000 
666 39.735294 39.764706 15.647059 
667 28.797297 50.472973 20.783784 
668 26.271186 27.457627 33.152542 
669 32.459016 14.975410 30.909836 
670 26.820513 25.602564 35.269231 
671 26.130435 31.521739 39.347826 
672 27.863014 29.849315 38.383562 
673 28.619718 23.577465 37.788732 
674 33.750000 16.583333 36.383333 
675 29.171429 27.628571 38.685714 
676 31.426230 22.770492 36.950820 
677 31.587302 26.587302 36.809524 
678 33.571429 20.934066 35.615385 
679 24.270073 37.255474 14.189781 
680 24.862745 31.019608 13.117647 
681 23.041885 32.052356 17.397906 
682 34.098039 53.450980 22.607843 
683 33.563636 54.345455 24.890909 
684 38.513514 63.270270 23.036036 
685 37.158621 68.158621 24.655172 
686 30.671429 65.485714 25.357143 
687 35.376344 68.247312 28.440860 
688 40.200000 70.650000 29.183333 
689 30.073171 64.853659 28.378049 
690 37.422222 67.488889 31.688889 
691 31.705882 63.745098 31.450980 
692 34.281250 66.750000 33.750000 
693 29.950000 59.375000 31.741667 
694 25.320388 52.174757 30.116505 
695 27.857143 55.636364 34.363636 
696 38.148148 66.592593 34.666667 
697 27.230769 50.884615 34.673077 
698 31.574074 61.246914 35.092593 
699 35.386364 62.886364 36.954545 
700 30.504000 55.528000 36.456000 
701 38.238532 65.275229 38.752294 
702 30.910714 50.625000 36.339286 
703 33.346774 59.056452 39.145161 
704 29.053571 53.375000 38.964286 
705 32.797619 47.488095 37.988095 
706 32.609756 55.219512 41.170732 
707 36.254237 58.728814 42.271186 
708 31.415584 44.597403 39.519481 
709 31.000000 49.046392 41.324742 
710 33.803030 52.560606 44.409091 
711 31.325301 43.337349 43.156627 
712 33.765152 45.553030 46.227273 
713 36.981132 47.933962 45.735849 
714 39.706667 46.986667 45.893333 
715 40.759259 44.722222 49.185185 
716 44.323529 18.676471 31.323529 
717 44.035714 15.714286 34.595238 
718 47.000000 17.103448 34.586207 
719 46.473684 14.263158 36.789474 
720 47.192308 17.538462 37.653846 
721 46.090909 31.696970 32.151515 
722 46.234043 45.787234 37.191489 
723 46.642857 36.666667 35.285714 
724 45.128205 58.500000 35.448718 
725 45.361446 57.638554 39.530120 
726 46.200000 53.838710 45.380645 
727 27.482759 26.000000 26.172414 
728 27.975000 28.150000 27.850000 
729 26.935484 26.338710 28.354839 
730 29.214724 17.895706 26.276074 
731 29.586667 23.680000 28.253333 
732 27.176471 28.294118 30.176471 
733 30.011628 19.674419 29.558140 
734 26.607143 24.928571 30.369048 
735 27.486111 22.291667 31.680556 
736 30.130435 19.536232 34.210145 
737 27.360000 52.432000 14.516000 
738 24.636029 45.459559 14.911765 
739 26.928571 53.750000 19.559524 
740 23.601770 46.371681 19.274336 
741 22.400000 38.437500 17.025000 
742 26.184615 48.523077 20.000000 
743 22.701754 40.982456 19.666667 
744 27.210526 44.473684 20.236842 
745 22.305556 36.370370 20.231481 
746 27.895833 40.145833 20.375000 
747 26.760000 37.200000 20.360000 
748 23.402878 30.805755 22.352518 
749 28.320755 33.660377 23.018868 
750 35.375000 54.913462 19.298077 
751 32.918605 61.116279 24.000000 
752 31.057377 56.721311 21.819672 
753 28.242188 57.953125 24.335938 
754 27.215190 57.253165 26.759494 
755 26.181102 55.275591 29.842520 
756 45.595960 62.575758 22.858586 
757 45.259259 68.555556 24.876543 
758 45.740000 57.320000 24.060000 
759 44.761905 66.365079 27.079365 
760 45.067797 70.983051 31.101695 
761 45.212766 61.652482 27.234043 
762 40.939759 70.337349 35.000000 
763 45.041667 67.041667 33.234375 
764 44.441667 62.575000 31.591667 
765 45.346154 58.038462 32.615385 
766 42.066667 68.333333 38.422222 
767 45.016129 62.177419 36.580645 
768 45.586207 52.862069 35.896552 
769 45.660194 65.941748 40.184466 
770 41.313131 63.828283 42.505051 
771 39.120000 59.160000 42.060000 
772 46.028302 60.783019 43.084906 
773 43.685185 60.425926 46.185185 
774 36.676923 54.800000 42.353846 
775 38.629630 57.648148 45.333333 
776 43.333333 55.275362 48.086957 
777 38.982759 51.913793 44.431034 
778 40.310345 51.068966 48.022989 
779 45.000000 49.324675 50.000000 
780 43.714286 26.600000 23.142857 
781 43.681818 24.340909 24.954545 
782 45.166667 28.000000 25.166667 
783 42.294118 22.220588 27.250000 
784 46.000000 25.717949 26.384615 
785 45.521739 28.434783 28.956522 
786 46.272727 23.030303 27.636364 
787 45.541667 20.000000 29.125000 
788 45.695652 25.826087 30.000000 
789 46.840000 28.340000 32.300000 
790 45.375000 22.583333 30.000000 
791 44.064516 24.612903 32.387097 
792 43.956522 27.391304 34.413043 
793 47.208333 32.625000 36.729167 
794 46.347826 29.869565 35.463768 
795 47.078431 36.843137 37.745098 
796 46.372549 20.509804 31.686275 
797 44.162791 23.976744 34.767442 
798 46.078431 20.588235 35.117647 
799 46.033898 24.050847 37.016949 
800 45.625000 26.775000 36.475000 
801 40.096154 42.865385 17.634615 
802 36.755814 42.209302 17.255814 
803 36.472973 37.162162 19.554054 
804 38.306122 32.510204 21.653061 
805 43.833333 37.500000 24.366667 
806 40.733333 38.066667 25.166667 
807 44.654135 42.135338 25.827068 
808 43.903509 41.473684 29.035088 
809 44.213333 36.133333 26.706667 
810 41.295082 37.606557 28.180328 
811 38.274725 50.560440 24.549451 
812 37.243243 48.445946 26.527027 
813 35.441176 42.196078 24.392157 
814 36.738636 45.011364 27.875000 
815 42.417910 50.328358 28.089552 
816 40.635135 52.783784 29.783784 
817 41.236364 47.363636 32.054545 
818 40.884615 43.500000 32.884615 
819 36.745763 47.016949 17.694915 
820 39.197183 45.521127 19.323944 
821 40.948052 34.701299 23.701299 
822 42.738095 50.642857 23.785714 
823 41.117647 53.264706 25.705882 
824 38.250000 43.454545 24.500000 
825 40.466667 46.533333 25.200000 
826 55.083333 43.187500 17.208333 
827 58.504762 43.009524 16.476190 
828 58.815789 37.934211 19.289474 
829 56.648649 33.216216 22.000000 
830 51.312500 37.625000 24.093750 
831 54.312500 38.500000 25.218750 
832 50.345324 42.158273 25.705036 
833 51.588710 41.766129 28.967742 
834 51.402778 36.458333 26.694444 
835 54.431373 38.156863 28.137255 
836 56.087500 51.825000 23.850000 
837 57.666667 49.653846 25.666667 
838 59.149533 43.074766 24.261682 
839 58.142857 46.085714 27.542857 
840 52.164179 50.761194 27.567164 
841 54.047619 53.309524 29.333333 
842 53.594203 48.028986 31.492754 
843 54.380952 44.476190 32.619048 
844 57.900000 48.028571 16.871429 
845 55.768293 46.256098 18.829268 
846 54.202899 35.086957 23.710145 
847 52.023810 51.190476 23.309524 
848 53.166667 53.888889 25.000000 
849 56.270270 44.270270 24.351351 
850 54.361702 47.255319 24.723404 
