1 72.253049 40.515244 25.664634 
2 73.250000 32.758621 25.551724 
3 68.136364 36.704545 29.272727 
4 69.578947 41.263158 29.439850 
5 69.469231 29.538462 26.992308 
6 73.408451 25.859155 25.028169 
7 77.556338 25.316901 25.901408 
8 67.407583 30.260664 29.511848 
9 67.105634 23.816901 27.492958 
10 75.762376 21.554455 25.376238 
11 64.695652 40.434783 30.793478 
12 69.276018 19.687783 24.289593 
13 65.795455 33.583333 31.901515 
14 75.494845 18.000000 24.113402 
15 64.160377 20.377358 24.745283 
16 78.167702 23.124224 29.223602 
17 60.895604 22.758242 27.725275 
18 61.260870 27.304348 30.536232 
19 61.285714 32.795918 31.693878 
20 63.093137 13.710784 23.990196 
21 62.253968 37.952381 32.682540 
22 69.380952 13.173913 25.428571 
23 77.181159 18.079710 28.855072 
24 59.116719 17.400631 25.962145 
25 58.090909 22.890909 31.509091 
26 59.142857 27.714286 33.464286 
27 72.779817 15.293578 29.027523 
28 63.097222 32.055556 33.708333 
29 77.963415 21.117886 33.422764 
30 60.566406 13.105469 28.718750 
31 60.705882 35.235294 35.117647 
32 59.583333 23.150000 34.083333 
33 75.416667 16.145833 31.697917 
34 63.782609 27.869565 33.652174 
35 60.348485 19.621212 32.712121 
36 62.947552 8.979021 29.475524 
37 68.603015 11.075377 31.040201 
38 64.705882 29.294118 35.882353 
39 59.858209 16.589552 32.589552 
40 61.069767 32.883721 35.465116 
41 64.402778 23.694444 34.333333 
42 66.111111 26.822222 35.288889 
43 70.897196 14.700935 33.242991 
44 60.028571 21.628571 35.971429 
45 63.400000 26.366667 36.566667 
46 79.740000 21.410000 37.470000 
47 59.166667 10.821970 34.761364 
48 65.204030 9.629723 35.337531 
49 75.550000 16.952941 36.097059 
50 57.339286 18.339286 35.964286 
51 62.897436 24.589744 37.256410 
52 69.787611 13.530973 37.132743 
53 59.406250 22.687500 37.843750 
54 58.111801 16.000000 38.937888 
55 61.783972 10.581882 40.111498 
56 63.875000 24.312500 40.962500 
57 63.625000 21.800000 39.475000 
58 67.378378 13.114865 39.439189 
59 69.380000 19.040000 38.000000 
60 60.732143 18.616071 41.214286 
61 72.277228 15.732673 39.415842 
62 59.700000 12.341667 43.533333 
63 66.138298 11.581560 44.141844 
64 68.918367 17.142857 41.897959 
65 62.895928 14.438914 45.316742 
66 68.014493 14.115942 47.507246 
67 64.385246 12.926230 50.049180 
68 81.863517 57.351706 38.060367 
69 83.690909 49.181818 39.832727 
70 77.072727 47.890909 38.609091 
71 86.353591 44.977901 39.734807 
72 74.024390 49.853659 43.829268 
73 74.250000 44.608696 41.750000 
74 87.595041 38.685950 36.578512 
75 77.500000 43.175676 40.027027 
76 73.868421 47.605263 45.710526 
77 80.790323 41.903226 40.145161 
78 76.693548 48.241935 45.451613 
79 73.900990 41.712871 44.792079 
80 85.794643 39.897321 40.656250 
81 81.016529 50.099174 43.636364 
82 76.173469 38.877551 42.836735 
83 85.045226 54.361809 44.025126 
84 78.070175 44.614035 45.052632 
85 85.271676 47.630058 45.387283 
86 82.104762 43.980952 43.704762 
87 85.233333 53.477778 47.611111 
88 87.866667 50.722222 47.588889 
89 82.257143 50.414286 49.314286 
90 83.635593 53.822034 52.673729 
91 85.817518 48.773723 52.846715 
92 78.463415 48.707317 51.268293 
93 82.054455 50.797030 56.549505 
94 82.076923 43.034965 54.468531 
95 80.306667 45.306667 54.133333 
96 76.662162 45.297297 54.256757 
97 60.281690 45.774648 57.140845 
98 82.636364 42.040404 58.686869 
99 80.067278 48.941896 59.828746 
100 77.046512 38.116279 55.069767 
101 74.000000 41.851852 54.333333 
102 60.756757 44.027027 59.189189 
103 79.660714 38.059524 59.744048 
104 76.470000 43.440000 59.280000 
105 71.916667 40.916667 56.166667 
106 59.769231 40.769231 59.871795 
107 76.944954 39.683486 60.807339 
108 59.645161 35.935484 59.419355 
109 75.136150 33.976526 62.680751 
110 74.154167 41.516667 63.483333 
111 60.653846 31.269231 58.423077 
112 70.987097 28.425806 60.916129 
113 59.469565 42.904348 64.026087 
114 71.357143 37.642857 58.142857 
115 70.443182 31.806818 61.579545 
116 69.945455 41.918182 65.445455 
117 58.965517 37.465517 63.017241 
118 70.841584 35.297030 63.128713 
119 69.668508 37.701657 65.386740 
120 67.882353 36.294118 58.911765 
121 58.412371 33.350515 62.030928 
122 68.263158 30.236842 62.684211 
123 60.277778 28.666667 61.111111 
124 60.933333 26.633333 61.433333 
125 68.555556 33.079365 66.492063 
126 66.640000 27.800000 60.080000 
127 66.543307 40.551181 67.779528 
128 64.000000 43.379310 65.086207 
129 59.376812 38.942029 67.869565 
130 65.287500 35.762500 65.437500 
131 65.461538 33.230769 63.714286 
132 66.222222 30.055556 66.066667 
133 65.071429 28.047619 62.547619 
134 63.000000 41.728814 69.050847 
135 63.867347 38.448980 68.979592 
136 60.292453 26.962264 65.792453 
137 59.180556 34.069444 67.625000 
138 58.478261 30.434783 64.391304 
139 61.103448 36.586207 69.913793 
140 63.612245 27.775510 67.642857 
141 62.138614 32.950495 67.247525 
142 61.723077 30.446154 66.107692 
143 79.078591 34.910569 25.691057 
144 78.631016 27.903743 29.486631 
145 84.077966 29.481356 29.484746 
146 80.383117 25.448052 32.545455 
147 84.166667 26.876543 34.302469 
148 79.773399 26.571429 36.650246 
149 77.902439 20.524390 39.548780 
150 75.270557 15.347480 41.989390 
151 70.304348 21.043478 41.565217 
152 70.546218 16.126050 46.042017 
153 67.897436 21.717949 44.307692 
154 68.639535 21.395349 48.011628 
155 82.155963 35.417431 55.348624 
156 82.000000 39.273381 54.172662 
157 78.225352 36.929577 53.718310 
158 66.229167 22.250000 51.656250 
159 65.200000 18.772727 50.509091 
160 75.256881 35.174312 54.100917 
161 72.392405 31.974684 51.303797 
162 62.893773 14.523810 53.641026 
163 71.620438 28.737226 53.211679 
164 69.179245 25.235849 54.311321 
165 74.794521 34.315068 57.383562 
166 68.661972 20.563380 57.154930 
167 58.375940 17.466165 54.270677 
168 73.290909 31.718182 58.918182 
169 64.636015 17.295019 57.206897 
170 73.238806 25.432836 58.552239 
171 58.814815 22.592593 54.740741 
172 68.811688 20.753247 60.233766 
173 60.706522 16.804348 58.923913 
174 60.382716 20.925926 57.592593 
175 65.088889 20.477778 60.455556 
176 70.007634 23.992366 62.961832 
177 58.946154 22.638462 60.615385 
178 62.500000 20.564516 61.733871 
179 65.856209 23.509804 63.156863 
180 62.263566 23.829457 64.302326 
181 75.791667 46.809524 60.363095 
182 72.833333 48.365079 61.277778 
183 67.204545 51.409091 61.227273 
184 71.500000 44.857143 60.812500 
185 67.989011 46.307692 60.637363 
186 67.874372 48.492462 65.758794 
187 66.720000 42.840000 62.493333 
188 79.857143 56.257143 52.757143 
189 77.432099 53.049383 55.172840 
190 79.681159 37.782609 44.942029 
191 85.506667 35.500000 42.620000 
192 82.571429 41.272727 45.051948 
193 87.073864 43.028409 45.670455 
194 85.704301 36.537634 45.973118 
195 83.813793 45.889655 50.027586 
196 85.931193 42.582569 51.513761 
197 86.030675 38.509202 49.779141 
198 83.627451 30.620915 37.751634 
199 75.055794 57.879828 36.030043 
200 71.875000 68.593750 43.875000 
201 75.230088 56.185841 40.964602 
202 75.864253 50.529412 37.339367 
203 71.295082 63.254098 46.122951 
204 73.805825 55.116505 44.689320 
205 74.333333 59.484848 44.939394 
206 77.042735 61.367521 41.982906 
207 76.446429 54.196429 45.642857 
208 81.263158 57.587045 41.821862 
209 82.740458 60.351145 44.839695 
210 84.230216 57.517986 48.258993 
211 70.530233 71.574419 57.381395 
212 68.233766 65.233766 59.935065 
213 59.271186 61.779661 56.855932 
214 58.758242 57.626374 56.637363 
215 57.383333 50.966667 56.700000 
216 59.778846 51.586538 58.067308 
217 62.178082 35.972603 54.219178 
218 58.875000 55.350000 60.083333 
219 62.000000 40.347826 55.753623 
220 63.400000 31.600000 54.266667 
221 62.714286 36.500000 56.452381 
222 59.493056 48.569444 61.777778 
223 61.897436 29.102564 56.384615 
224 62.617647 32.676471 57.088235 
225 59.028037 26.682243 57.186916 
226 59.282828 49.358586 67.101010 
227 62.250000 27.750000 58.500000 
228 65.646018 47.371681 69.097345 
229 61.192488 44.586854 69.262911 
230 65.619469 64.221239 30.831858 
231 62.195745 68.297872 32.944681 
232 69.947761 65.708955 30.500000 
233 60.337838 74.945946 34.378378 
234 64.166667 74.155556 34.677778 
235 67.795652 70.217391 35.060870 
236 58.257511 66.695279 32.759657 
237 57.339623 74.735849 34.987421 
238 60.262500 81.000000 36.404167 
239 57.854167 62.708333 36.041667 
240 60.198473 85.152672 41.038168 
241 65.644670 83.175127 42.733503 
242 72.208889 58.408889 20.111111 
243 78.209424 57.732984 20.052356 
244 74.221519 63.556962 22.025316 
245 71.037975 54.791139 23.905063 
246 75.919355 52.677419 24.102151 
247 68.425641 61.528205 24.138462 
248 80.593137 50.588235 22.691176 
249 65.671053 55.710526 25.868421 
250 74.718750 49.234375 24.906250 
251 71.106529 64.711340 25.931271 
252 77.166667 45.250000 27.064815 
253 66.683871 50.116129 25.283871 
254 77.667396 66.829322 27.455142 
255 72.083333 47.388889 25.986111 
256 83.268722 44.264317 24.748899 
257 75.238636 61.534091 28.806818 
258 78.295181 61.373494 32.843373 
259 85.018018 34.013514 51.094595 
260 81.967930 29.122449 50.055394 
261 69.979885 17.155172 52.488506 
262 80.825397 30.312169 55.830688 
263 73.342995 21.772947 54.014493 
264 76.901961 28.460784 55.176471 
265 76.386792 25.858491 53.113208 
266 77.654450 32.890052 53.727749 
267 69.031746 21.444444 52.158730 
268 75.310345 31.666667 51.011494 
269 71.559524 25.404762 49.511905 
270 72.800000 28.800000 48.746667 
271 84.953125 39.796875 25.820312 
272 84.985075 36.646766 28.199005 
273 86.225000 34.412500 31.250000 
274 70.895349 48.558140 63.860465 
275 66.770492 54.245902 67.868852 
276 75.463740 76.742366 45.446565 
277 77.608696 71.895652 48.104348 
278 70.323276 77.405172 51.495690 
279 78.862944 67.873096 49.695431 
280 73.581395 74.204651 51.704651 
281 78.570093 60.943925 46.495327 
282 75.524664 69.354260 51.946188 
283 79.007353 57.845588 49.720588 
284 77.387665 61.651982 52.308370 
285 75.329630 68.711111 56.625926 
286 76.675127 64.005076 54.862944 
287 72.552239 56.656716 52.298507 
288 71.910853 64.751938 59.961240 
289 76.878947 61.626316 57.221053 
290 73.222222 54.111111 53.870370 
291 67.521930 76.618421 39.030702 
292 73.079137 63.877698 37.158273 
293 71.750000 65.693548 41.854839 
294 60.487500 18.900000 45.875000 
295 60.476596 15.144681 49.412766 
296 58.127660 20.127660 50.212766 
297 59.714286 33.942857 45.714286 
298 57.595238 58.571429 54.309524 
299 59.302632 38.578947 50.013158 
300 58.130435 51.956522 54.521739 
301 58.617647 44.735294 52.852941 
302 58.627027 59.670270 62.335135 
303 59.871429 53.871429 63.242857 
304 81.302703 60.621622 24.960360 
305 84.003663 52.395604 24.571429 
306 86.224090 47.521008 28.313725 
307 81.974619 62.071066 32.827411 
308 81.257143 58.571429 30.657143 
309 85.765700 54.951691 31.553140 
310 87.132075 47.094340 32.226415 
311 82.351351 56.554054 34.817568 
312 81.477273 52.090909 33.068182 
313 86.682464 40.677725 32.303318 
314 81.921687 47.289157 34.132530 
315 85.746479 51.669014 36.225352 
316 81.959732 41.093960 34.302013 
317 86.758242 32.571429 34.637363 
318 87.333333 45.104575 35.856209 
319 82.544379 36.467456 35.899408 
320 79.533333 27.255556 39.111111 
321 79.466667 33.200000 40.186667 
322 86.006897 33.358621 39.248276 
323 77.709302 24.279070 40.011628 
324 77.752809 28.561798 41.595506 
325 81.473118 30.634409 42.139785 
326 79.747619 21.119048 42.452381 
327 86.101604 30.208556 43.390374 
328 78.707006 25.490446 43.171975 
329 82.188034 26.871795 44.059829 
330 74.763761 16.619266 47.747706 
331 77.836576 20.420233 49.801556 
332 80.835766 24.708029 49.751825 
333 74.320565 67.995968 35.197581 
334 72.986301 72.479452 38.910959 
335 73.789227 79.002342 40.768150 
336 58.548303 79.668407 41.451697 
337 58.831956 70.647383 40.066116 
338 78.958824 71.105882 39.332353 
339 69.307263 79.541899 46.301676 
340 74.340909 66.954545 45.409091 
341 80.145923 69.948498 43.798283 
342 60.637540 83.640777 47.799353 
343 59.866142 77.377953 49.047244 
344 58.877358 72.698113 48.176101 
345 80.523504 64.493590 46.895299 
346 66.077859 81.659367 51.184915 
347 57.122449 68.591837 50.489796 
348 59.220430 77.890681 55.532258 
349 59.500000 71.104167 54.569444 
350 67.730539 76.005988 55.802395 
351 57.372881 64.033898 53.237288 
352 64.594366 77.109859 57.904225 
353 59.634146 66.544715 54.845528 
354 66.989583 70.125000 59.041667 
355 59.613757 72.690476 63.462963 
356 58.651064 66.455319 59.919149 
357 64.739726 70.260274 63.078767 
358 67.070175 65.771930 62.105263 
359 69.106061 61.000000 62.227273 
360 74.469780 60.928571 61.950549 
361 77.111732 57.279330 57.882682 
362 66.697674 59.418605 58.744186 
363 62.714286 65.910714 66.803571 
364 58.908714 64.012448 66.800830 
365 75.239216 52.145098 60.980392 
366 74.229462 55.042493 63.963173 
367 66.775424 61.050847 64.915254 
368 69.650794 55.134921 63.706349 
369 67.233333 54.916667 62.350000 
370 62.996865 58.416928 68.188088 
371 59.490291 55.199029 67.980583 
372 63.077844 51.269461 68.742515 
373 60.506494 29.701299 36.207792 
374 58.576923 31.615385 39.192308 
375 60.860000 26.330000 39.130000 
376 58.000000 28.721519 39.886076 
377 59.100000 31.800000 43.100000 
378 57.543860 24.350877 40.561404 
379 61.071429 22.428571 41.428571 
380 58.765625 28.234375 43.171875 
381 57.750000 30.923077 46.346154 
382 62.292683 21.109756 43.573171 
383 58.516667 25.116667 43.633333 
384 58.433333 34.800000 48.666667 
385 58.452830 21.396226 43.339623 
386 61.436620 29.154930 46.605634 
387 59.175676 32.756757 50.283784 
388 58.862745 36.372549 52.411765 
389 58.096774 42.024194 54.919355 
390 59.256410 24.961538 46.615385 
391 60.389610 31.012987 51.350649 
392 58.104167 21.312500 46.916667 
393 58.875000 37.833333 55.666667 
394 59.096774 34.048387 55.145161 
395 60.811111 27.577778 49.855556 
396 59.277778 30.527778 54.500000 
397 58.767857 24.125000 50.196429 
398 59.666667 27.400000 53.400000 
399 58.800000 24.228571 53.028571 
400 65.100000 45.900000 27.975000 
401 40.761905 42.507937 25.740741 
402 40.008333 46.525000 26.958333 
403 39.423940 34.596010 26.074813 
404 42.062500 35.453125 29.375000 
405 41.574713 40.413793 29.672414 
406 34.822917 29.505208 25.843750 
407 39.415254 25.957627 26.059322 
408 42.303279 27.016393 28.057377 
409 46.270833 41.500000 29.885417 
410 38.508571 21.468571 25.394286 
411 43.357724 21.609756 26.886179 
412 44.184685 28.882883 29.779279 
413 45.926316 33.852632 30.778947 
414 33.599190 22.125506 26.376518 
415 46.980769 23.144231 28.221154 
416 45.456954 18.185430 26.662252 
417 48.970000 20.530000 25.280000 
418 37.875000 16.187500 24.618056 
419 48.490196 39.254902 31.117647 
420 50.125000 34.093750 31.125000 
421 50.049383 27.611111 30.987654 
422 51.668639 23.278107 29.674556 
423 46.626866 14.134328 25.955224 
424 32.948864 19.039773 28.698864 
425 51.667832 16.730769 26.601399 
426 42.771831 11.805634 25.946479 
427 50.320000 29.180000 33.580000 
428 38.156863 14.039216 28.642157 
429 47.961290 34.212903 33.238710 
430 53.825243 20.631068 31.194175 
431 34.631068 24.097087 32.970874 
432 52.484848 25.090909 34.606061 
433 35.242857 15.785714 30.657143 
434 50.148148 33.611111 35.222222 
435 49.655963 12.912844 31.481651 
436 32.198582 19.929078 32.858156 
437 51.885965 17.508772 32.798246 
438 41.825243 10.800971 31.446602 
439 46.651741 8.184080 30.920398 
440 51.204545 20.727273 35.193182 
441 45.307087 27.488189 35.181102 
442 48.302326 23.465116 35.209302 
443 39.197279 14.183673 33.244898 
444 53.547945 16.931507 35.712329 
445 45.744868 9.214076 35.853372 
446 46.555556 25.955556 37.111111 
447 32.929825 21.017544 36.859649 
448 51.460317 22.492063 36.952381 
449 35.328313 16.906627 34.930723 
450 52.109290 12.442623 36.994536 
451 47.500000 24.295455 38.431818 
452 41.573248 12.955414 37.547771 
453 54.265152 18.000000 40.446970 
454 39.585714 14.428571 37.514286 
455 47.334375 11.331250 39.993750 
456 50.510204 21.744898 39.734694 
457 52.686869 12.318182 43.964646 
458 47.750000 23.500000 41.954545 
459 38.766129 14.427419 40.806452 
460 40.783333 16.483333 40.300000 
461 50.693333 17.986667 43.040000 
462 43.121951 14.991870 41.130081 
463 47.928571 20.642857 43.607143 
464 46.672414 11.330460 44.770115 
465 49.871951 13.792683 47.054878 
466 43.786096 14.957219 46.577540 
467 47.398438 12.460938 50.007812 
468 28.471366 57.903084 37.770925 
469 25.654321 54.740741 36.370370 
470 32.651515 52.257576 35.651515 
471 27.081395 50.395349 35.616279 
472 29.292929 45.646465 35.797980 
473 23.039216 48.607843 36.784314 
474 28.170370 50.348148 39.329630 
475 35.262295 46.147541 38.344262 
476 23.380165 44.008264 36.537190 
477 28.071429 40.928571 37.330357 
478 37.101695 49.593220 44.067797 
479 35.324324 45.027027 41.702703 
480 38.645161 44.548387 42.548387 
481 31.868852 45.098361 40.278689 
482 35.500000 54.386364 45.613636 
483 25.731788 43.880795 40.566225 
484 37.444444 49.222222 46.222222 
485 24.103448 37.798851 39.672414 
486 38.611111 43.638889 45.361111 
487 34.803030 48.424242 45.530303 
488 35.614035 40.114035 43.061404 
489 31.000000 50.260417 43.458333 
490 36.426230 42.114754 45.262295 
491 26.116129 53.735484 44.012903 
492 32.720930 44.360465 44.383721 
493 33.854545 38.872727 46.363636 
494 26.040936 48.438596 43.994152 
495 25.298969 52.474227 47.000000 
496 24.080645 49.508065 49.709677 
497 26.716418 53.552239 52.171642 
498 29.505495 49.879121 49.626374 
499 27.458824 47.105882 54.541176 
500 31.561702 48.178723 55.255319 
501 32.855556 45.333333 54.011111 
502 30.101695 42.864407 54.703390 
503 53.105960 48.523179 58.834437 
504 52.120690 43.362069 56.741379 
505 32.046667 42.413333 58.866667 
506 32.276786 39.875000 58.133929 
507 50.636364 40.863636 57.045455 
508 39.071429 42.964286 55.285714 
509 52.244898 44.408163 59.367347 
510 35.293103 43.801724 59.913793 
511 34.373913 37.078261 60.000000 
512 34.594059 38.574257 62.415842 
513 53.801587 47.761905 62.865079 
514 51.973684 36.894737 58.342105 
515 39.250000 40.343750 57.875000 
516 53.905660 41.650943 60.679245 
517 38.241935 41.000000 61.661290 
518 43.409091 33.681818 57.090909 
519 38.697248 34.385321 61.247706 
520 53.078947 33.578947 58.815789 
521 40.397380 29.135371 61.296943 
522 40.224638 36.333333 62.521739 
523 38.389610 40.285714 66.012987 
524 54.774194 37.596774 62.443548 
525 43.307692 32.504274 62.880342 
526 42.323944 38.028169 62.887324 
527 43.576577 41.756757 65.522523 
528 52.652174 29.724638 60.681159 
529 43.108434 37.385542 67.638554 
530 45.125000 29.450000 60.500000 
531 55.474576 32.830508 62.559322 
532 45.307692 34.119658 64.487179 
533 48.195876 43.242268 68.195876 
534 47.054054 35.837838 65.000000 
535 46.431579 31.094737 64.452632 
536 48.189655 38.482759 68.201149 
537 46.701571 27.010471 63.256545 
538 53.016260 36.280488 68.674797 
539 52.000000 26.830189 65.952830 
540 54.196970 30.484848 65.924242 
541 50.195122 31.134146 65.682927 
542 50.266667 33.211111 66.866667 
543 49.790123 28.024691 67.962963 
544 33.712500 42.037500 26.325000 
545 33.454198 37.064885 26.450382 
546 32.339806 29.723301 27.082524 
547 28.385714 29.964286 27.453571 
548 32.544715 25.650407 30.268293 
549 26.979167 30.812500 31.223958 
550 30.288732 26.366197 31.880282 
551 27.497354 26.878307 33.989418 
552 32.453039 24.337017 35.756906 
553 30.951049 27.440559 37.699301 
554 32.100000 24.370000 39.010000 
555 36.139535 14.895349 38.313953 
556 28.889610 44.733766 50.987013 
557 41.038095 16.333333 45.180952 
558 43.100000 22.550000 43.987500 
559 30.827068 39.503759 54.458647 
560 32.754386 34.964912 57.824561 
561 42.850340 18.136054 49.496599 
562 34.790323 33.193548 56.967742 
563 45.432432 19.945946 49.378378 
564 34.600000 40.840000 52.480000 
565 37.052632 37.798246 53.929825 
566 37.370690 32.431034 55.948276 
567 49.306050 14.249110 52.797153 
568 43.056680 19.352227 53.700405 
569 40.118750 30.500000 52.737500 
570 40.891156 24.258503 54.176871 
571 41.280702 35.596491 54.771930 
572 47.000000 17.871324 53.823529 
573 38.517857 31.785714 58.767857 
574 53.382716 17.679012 53.691358 
575 53.720000 26.104000 54.600000 
576 38.197044 26.807882 57.945813 
577 42.984277 22.506289 57.050314 
578 51.061905 16.771429 56.876190 
579 53.107438 21.818182 55.619835 
580 46.933775 17.768212 58.642384 
581 50.946809 20.446809 59.968085 
582 53.158824 25.376471 59.552941 
583 42.274834 24.496689 61.662252 
584 46.905660 21.479245 61.030189 
585 50.187135 23.514620 64.304094 
586 35.902913 46.029126 60.873786 
587 40.726190 47.297619 60.238095 
588 44.258824 49.552941 61.611765 
589 38.840000 44.130000 64.120000 
590 43.929577 45.225352 60.676056 
591 44.577778 46.140741 65.192593 
592 27.317647 56.094118 50.517647 
593 36.780000 56.600000 51.240000 
594 35.421053 53.754386 52.157895 
595 30.361842 53.993421 55.223684 
596 28.340314 32.319372 37.534031 
597 31.465753 35.719178 39.965753 
598 29.065574 34.540984 42.295082 
599 26.208861 38.278481 43.740506 
600 25.128571 34.600000 42.171429 
601 28.333333 42.905556 44.616667 
602 26.054348 32.467391 44.076087 
603 25.066667 36.966667 46.577778 
604 30.694915 37.898305 48.135593 
605 25.461140 45.751295 48.056995 
606 25.173228 41.503937 49.440945 
607 26.805668 33.647773 49.105263 
608 26.378995 38.447489 52.716895 
609 31.696970 49.497835 58.796537 
610 35.564626 58.095238 35.265306 
611 35.457447 52.202128 35.574468 
612 35.218750 59.197917 40.526042 
613 39.537736 66.235849 43.867925 
614 36.250000 48.500000 39.000000 
615 36.461538 54.369231 42.692308 
616 39.924528 61.547170 46.207547 
617 36.883495 63.805825 45.902913 
618 38.369565 56.913043 45.847826 
619 34.277778 59.866667 43.977778 
620 30.521739 58.660870 41.060870 
621 32.493671 53.848101 42.316456 
622 27.108696 56.260870 42.326087 
623 29.609023 58.135338 45.699248 
624 29.720721 56.738739 48.891892 
625 32.745223 72.496815 44.961783 
626 42.875912 70.364964 59.065693 
627 52.441489 60.797872 57.462766 
628 53.604396 54.978022 57.791209 
629 54.846154 48.717949 56.230769 
630 52.372881 37.745763 55.779661 
631 52.117241 54.365517 61.013793 
632 51.625000 33.785714 55.392857 
633 49.400000 38.000000 55.075000 
634 53.346939 54.816327 63.877551 
635 52.437500 30.800000 56.300000 
636 48.958333 34.416667 56.458333 
637 54.056180 52.191011 66.112360 
638 50.058824 32.058824 58.117647 
639 51.238095 28.952381 58.047619 
640 53.867508 46.097792 67.706625 
641 49.783333 49.058333 69.766667 
642 51.865854 42.585366 70.195122 
643 45.365854 63.121951 31.395122 
644 48.415254 70.237288 32.347458 
645 48.887640 64.584270 34.449438 
646 50.683333 71.250000 33.983333 
647 43.770732 69.209756 35.156098 
648 50.870968 79.992832 35.354839 
649 53.478070 65.951754 32.758772 
650 53.933333 75.550000 33.800000 
651 53.428571 66.057143 36.471429 
652 51.728682 84.755814 40.224806 
653 40.410714 60.168367 21.604592 
654 37.098361 63.819672 23.950820 
655 32.035019 56.178988 21.050584 
656 35.076433 53.331210 24.458599 
657 39.373288 53.410959 24.020548 
658 44.811321 57.943396 25.924528 
659 42.635762 60.317881 27.344371 
660 30.469298 48.201754 23.850877 
661 35.441860 45.918605 27.011628 
662 38.968641 64.470383 27.846690 
663 34.462810 67.392562 29.148760 
664 44.775510 51.653061 25.367347 
665 34.439024 60.219512 31.365854 
666 45.913580 46.864198 27.160494 
667 32.165468 60.352518 34.309353 
668 28.180124 30.391304 47.341615 
669 37.339080 15.517241 44.965517 
670 29.757835 27.777778 50.575499 
671 28.520958 35.317365 56.000000 
672 30.971888 32.473896 54.477912 
673 32.764113 24.298387 53.078629 
674 39.848485 16.693182 50.863636 
675 34.131148 30.836066 54.819672 
676 37.069652 23.721393 52.885572 
677 37.447368 31.434211 51.407895 
678 39.794444 23.133333 51.561111 
679 27.724919 44.550162 25.501618 
680 28.343023 36.517442 24.354651 
681 25.827869 36.909836 29.536885 
682 38.591837 64.071429 37.193878 
683 38.431373 64.794118 40.225490 
684 45.224359 74.557692 37.166667 
685 44.149390 81.152439 39.969512 
686 36.736156 78.442997 40.641694 
687 41.966887 80.317881 44.496689 
688 46.490272 83.132296 44.470817 
689 36.391586 77.148867 44.362460 
690 44.506173 76.938272 47.469136 
691 37.507853 75.068063 48.047120 
692 40.520599 77.797753 50.344569 
693 35.005128 70.569231 48.446154 
694 28.882353 61.718266 46.869969 
695 32.362445 65.751092 51.283843 
696 44.634615 75.211538 51.288462 
697 32.000000 59.571429 51.607143 
698 36.807601 72.634204 52.707838 
699 41.099010 73.138614 54.975248 
700 34.833333 65.589506 54.194444 
701 44.398649 74.570946 57.432432 
702 37.202703 59.040541 53.162162 
703 38.765957 68.782979 57.310638 
704 33.645669 62.165354 56.893701 
705 39.359551 55.449438 54.685393 
706 38.352657 64.062802 59.792271 
707 42.299270 67.328467 60.890511 
708 37.537500 51.800000 55.862500 
709 35.384196 56.986376 58.983651 
710 39.377119 60.800847 63.148305 
711 35.605769 50.158654 60.812500 
712 38.706100 53.024030 64.731978 
713 43.032967 54.697802 62.857143 
714 45.660000 52.890000 63.560000 
715 46.569231 50.807692 68.023077 
716 51.431373 21.686275 44.078431 
717 51.085938 18.062500 47.226562 
718 54.880000 19.920000 47.580000 
719 53.881579 15.763158 50.750000 
720 54.673077 21.000000 51.596154 
721 53.641026 36.064103 48.012821 
722 54.106061 52.181818 54.575758 
723 54.281250 42.343750 51.979167 
724 52.414815 66.844444 54.429630 
725 52.594937 64.708861 58.721519 
726 53.616216 60.291892 63.772973 
727 30.969231 29.415385 39.261538 
728 30.405797 32.289855 41.057971 
729 29.917241 29.800000 41.668966 
730 33.750000 19.800505 40.166667 
731 33.915888 27.429907 42.046729 
732 29.820896 32.074627 44.119403 
733 33.253521 22.049296 43.359155 
734 29.611111 27.398148 43.574074 
735 31.273632 24.124378 45.865672 
736 34.696203 19.335443 48.476793 
737 30.651899 62.200422 26.164557 
738 27.335953 54.139489 26.777996 
739 30.183908 64.482759 32.465517 
740 26.011450 55.026718 31.908397 
741 24.772093 45.530233 28.967442 
742 28.791139 58.107595 33.588608 
743 25.047244 48.196850 32.606299 
744 30.616438 52.301370 33.095890 
745 24.321285 41.915663 33.353414 
746 32.096386 47.132530 33.746988 
747 30.694444 43.222222 33.500000 
748 25.724528 34.467925 35.256604 
749 31.940789 39.151316 36.236842 
750 40.005025 65.547739 33.095477 
751 39.202797 71.993007 38.909091 
752 35.622120 67.672811 36.064516 
753 32.489297 69.853211 39.051988 
754 31.763158 68.910526 42.363158 
755 30.425824 66.024725 45.859890 
756 53.133641 73.382488 38.350230 
757 52.377143 79.200000 41.325714 
758 53.894118 68.152941 39.294118 
759 51.484375 75.984375 43.953125 
760 51.477477 83.423423 46.617117 
761 52.928177 71.878453 44.198895 
762 46.701595 81.931663 51.287016 
763 52.089485 77.841163 50.818792 
764 52.089655 71.655172 49.868966 
765 53.076923 66.153846 51.423077 
766 48.087156 78.357798 56.885321 
767 52.032967 70.087912 55.604396 
768 53.191489 60.319149 53.723404 
769 52.213964 75.101351 59.819820 
770 47.593023 71.720930 62.162791 
771 46.325000 66.600000 59.050000 
772 53.144279 66.925373 63.203980 
773 50.487437 68.271357 66.572864 
774 43.290698 62.267442 59.883721 
775 44.720930 65.534884 63.705426 
776 50.369811 62.486792 67.747170 
777 45.753247 59.311688 61.077922 
778 46.420139 58.065972 66.989583 
779 52.141762 55.693487 69.272031 
780 50.877193 30.719298 36.192982 
781 51.246377 27.985507 37.753623 
782 53.259259 31.814815 38.481481 
783 49.252427 25.669903 40.466019 
784 54.084746 29.135593 39.508475 
785 53.225000 32.175000 43.375000 
786 54.238095 26.023810 40.785714 
787 52.870968 22.451613 41.580645 
788 53.591549 29.154930 44.436620 
789 54.710526 31.881579 47.381579 
790 53.545455 25.969697 43.121212 
791 50.823529 28.058824 46.235294 
792 51.444444 31.180556 49.277778 
793 55.041237 37.639175 53.711340 
794 54.207407 34.155556 52.229630 
795 54.891304 42.858696 55.543478 
796 54.364583 23.697917 45.104167 
797 51.636364 27.818182 49.015152 
798 53.518519 24.074074 49.157407 
799 53.291667 28.114583 52.489583 
800 53.391304 30.710145 52.507246 
801 46.008475 50.203390 29.906780 
802 41.197674 49.656977 29.540698 
803 41.704545 43.073864 32.409091 
804 44.203390 37.177966 34.872881 
805 51.123077 43.230769 37.907692 
806 46.877778 44.533333 39.433333 
807 51.958621 48.944828 40.179310 
808 51.229787 48.736170 44.387234 
809 51.524862 41.685083 41.651934 
810 47.816901 43.908451 43.549296 
811 44.034826 60.024876 38.885572 
812 42.062147 57.293785 41.129944 
813 39.954545 49.828283 38.540404 
814 41.487310 53.147208 42.796954 
815 50.270270 59.256757 44.000000 
816 47.923077 61.692308 46.153846 
817 48.876289 55.432990 48.185567 
818 48.121951 51.585366 49.170732 
819 41.650350 55.356643 30.265734 
820 45.333333 53.587571 32.276836 
821 47.737705 39.972678 37.639344 
822 50.165289 60.280992 38.082645 
823 48.162162 63.315315 40.891892 
824 43.950617 51.049383 38.530864 
825 46.676190 54.685714 39.361905 
826 65.473684 51.203008 29.571429 
827 70.125000 50.660714 29.041667 
828 69.943182 44.329545 32.250000 
829 66.880000 38.110000 35.420000 
830 60.277108 43.759036 37.879518 
831 64.833333 45.083333 39.452381 
832 59.320872 49.411215 40.224299 
833 60.503968 49.055556 44.476190 
834 60.742690 41.888889 41.549708 
835 64.275591 44.401575 43.511811 
836 66.336898 61.406417 38.524064 
837 68.476190 58.654762 40.892857 
838 70.946429 50.446429 38.767857 
839 69.430000 54.095000 42.830000 
840 60.894040 59.781457 43.741722 
841 63.142857 62.337143 46.000000 
842 63.040000 55.830000 48.330000 
843 63.869565 51.608696 49.456522 
844 69.604167 56.756944 29.708333 
845 65.924528 54.599057 31.943396 
846 63.978022 40.631868 37.675824 
847 60.615385 60.623932 37.820513 
848 62.450549 64.054945 40.626374 
849 67.520548 51.972603 38.575342 
850 64.873684 55.389474 39.410526 
